      0.0000    0.332979E-010   0.562935E-005   0.562935E-005   0.999989E+000
      0.0100    0.484730E-009   0.219835E-004   0.219835E-004   0.999956E+000
      0.0200    0.232656E-008   0.483262E-004   0.483262E-004   0.999903E+000
      0.0300    0.699812E-008   0.839912E-004   0.839912E-004   0.999832E+000
      0.0400    0.162800E-007   0.128371E-003   0.128371E-003   0.999743E+000
      0.0500    0.321914E-007   0.180910E-003   0.180910E-003   0.999638E+000
      0.0600    0.569062E-007   0.241098E-003   0.241098E-003   0.999518E+000
      0.0700    0.926860E-007   0.308466E-003   0.308466E-003   0.999383E+000
      0.0800    0.141826E-006   0.382582E-003   0.382582E-003   0.999235E+000
      0.0900    0.206614E-006   0.463047E-003   0.463047E-003   0.999074E+000
      0.1000    0.289293E-006   0.549492E-003   0.549492E-003   0.998901E+000
      0.1100    0.392042E-006   0.641578E-003   0.641578E-003   0.998716E+000
      0.1200    0.516951E-006   0.738988E-003   0.738988E-003   0.998522E+000
      0.1300    0.666012E-006   0.841429E-003   0.841429E-003   0.998316E+000
      0.1400    0.841107E-006   0.948628E-003   0.948628E-003   0.998102E+000
      0.1500    0.104400E-005   0.106033E-002   0.106033E-002   0.997878E+000
      0.1600    0.127635E-005   0.117631E-002   0.117631E-002   0.997646E+000
      0.1700    0.153967E-005   0.129633E-002   0.129633E-002   0.997406E+000
      0.1800    0.183538E-005   0.142019E-002   0.142019E-002   0.997158E+000
      0.1900    0.216478E-005   0.154771E-002   0.154771E-002   0.996902E+000
      0.2000    0.252905E-005   0.167870E-002   0.167870E-002   0.996640E+000
      0.2100    0.292926E-005   0.181298E-002   0.181298E-002   0.996371E+000
      0.2200    0.336639E-005   0.195041E-002   0.195041E-002   0.996096E+000
      0.2300    0.384131E-005   0.209084E-002   0.209084E-002   0.995814E+000
      0.2400    0.435479E-005   0.223411E-002   0.223411E-002   0.995527E+000
      0.2500    0.490754E-005   0.238011E-002   0.238011E-002   0.995235E+000
      0.2600    0.550015E-005   0.252870E-002   0.252870E-002   0.994937E+000
      0.2700    0.613317E-005   0.267978E-002   0.267978E-002   0.994634E+000
      0.2800    0.680705E-005   0.283322E-002   0.283322E-002   0.994327E+000
      0.2900    0.752220E-005   0.298892E-002   0.298892E-002   0.994015E+000
      0.3000    0.827893E-005   0.314678E-002   0.314678E-002   0.993698E+000
      0.3100    0.907754E-005   0.330671E-002   0.330671E-002   0.993377E+000
      0.3200    0.991825E-005   0.346862E-002   0.346862E-002   0.993053E+000
      0.3300    0.108012E-004   0.363242E-002   0.363242E-002   0.992724E+000
      0.3400    0.117266E-004   0.379803E-002   0.379803E-002   0.992392E+000
      0.3500    0.126945E-004   0.396538E-002   0.396538E-002   0.992057E+000
      0.3600    0.137049E-004   0.413438E-002   0.413438E-002   0.991718E+000
      0.3700    0.147580E-004   0.430497E-002   0.430497E-002   0.991375E+000
      0.3800    0.158535E-004   0.447709E-002   0.447709E-002   0.991030E+000
      0.3900    0.169917E-004   0.465066E-002   0.465066E-002   0.990682E+000
      0.4000    0.181723E-004   0.482563E-002   0.482563E-002   0.990331E+000
      0.4100    0.193953E-004   0.500193E-002   0.500193E-002   0.989977E+000
      0.4200    0.206606E-004   0.517952E-002   0.517952E-002   0.989620E+000
      0.4300    0.219682E-004   0.535833E-002   0.535833E-002   0.989261E+000
      0.4400    0.233177E-004   0.553832E-002   0.553832E-002   0.988900E+000
      0.4500    0.247092E-004   0.571943E-002   0.571943E-002   0.988536E+000
      0.4600    0.261424E-004   0.590162E-002   0.590162E-002   0.988171E+000
      0.4700    0.276172E-004   0.608484E-002   0.608484E-002   0.987803E+000
      0.4800    0.291334E-004   0.626904E-002   0.626904E-002   0.987433E+000
      0.4900    0.306908E-004   0.645419E-002   0.645419E-002   0.987061E+000
      0.5000    0.322893E-004   0.664025E-002   0.664025E-002   0.986687E+000
      0.5100    0.339285E-004   0.682717E-002   0.682717E-002   0.986312E+000
      0.5200    0.356084E-004   0.701492E-002   0.701492E-002   0.985935E+000
      0.5300    0.373287E-004   0.720346E-002   0.720346E-002   0.985556E+000
      0.5400    0.390892E-004   0.739275E-002   0.739275E-002   0.985175E+000
      0.5500    0.408897E-004   0.758277E-002   0.758277E-002   0.984794E+000
      0.5600    0.427300E-004   0.777348E-002   0.777348E-002   0.984410E+000
      0.5700    0.446098E-004   0.796484E-002   0.796484E-002   0.984026E+000
      0.5800    0.465289E-004   0.815683E-002   0.815683E-002   0.983640E+000
      0.5900    0.484872E-004   0.834943E-002   0.834943E-002   0.983253E+000
      0.6000    0.504844E-004   0.854259E-002   0.854259E-002   0.982864E+000
      0.6100    0.525204E-004   0.873630E-002   0.873630E-002   0.982475E+000
      0.6200    0.545947E-004   0.893052E-002   0.893052E-002   0.982084E+000
      0.6300    0.567074E-004   0.912524E-002   0.912524E-002   0.981693E+000
      0.6400    0.588581E-004   0.932043E-002   0.932043E-002   0.981300E+000
      0.6500    0.610467E-004   0.951607E-002   0.951607E-002   0.980907E+000
      0.6600    0.632729E-004   0.971213E-002   0.971213E-002   0.980512E+000
      0.6700    0.655365E-004   0.990859E-002   0.990859E-002   0.980117E+000
      0.6800    0.678374E-004   0.101054E-001   0.101054E-001   0.979721E+000
      0.6900    0.701753E-004   0.103026E-001   0.103026E-001   0.979325E+000
      0.7000    0.725500E-004   0.105002E-001   0.105002E-001   0.978927E+000
      0.7100    0.749614E-004   0.106980E-001   0.106980E-001   0.978529E+000
      0.7200    0.774093E-004   0.108962E-001   0.108962E-001   0.978130E+000
      0.7300    0.798934E-004   0.110947E-001   0.110947E-001   0.977731E+000
      0.7400    0.824136E-004   0.112934E-001   0.112934E-001   0.977331E+000
      0.7500    0.849696E-004   0.114924E-001   0.114924E-001   0.976930E+000
      0.7600    0.875614E-004   0.116916E-001   0.116916E-001   0.976529E+000
      0.7700    0.901888E-004   0.118911E-001   0.118911E-001   0.976128E+000
      0.7800    0.928515E-004   0.120907E-001   0.120907E-001   0.975726E+000
      0.7900    0.955494E-004   0.122906E-001   0.122906E-001   0.975323E+000
      0.8000    0.982823E-004   0.124906E-001   0.124906E-001   0.974920E+000
      0.8100    0.101050E-003   0.126908E-001   0.126908E-001   0.974517E+000
      0.8200    0.103853E-003   0.128912E-001   0.128912E-001   0.974114E+000
      0.8300    0.106690E-003   0.130917E-001   0.130917E-001   0.973710E+000
      0.8400    0.109561E-003   0.132924E-001   0.132924E-001   0.973306E+000
      0.8500    0.112467E-003   0.134931E-001   0.134931E-001   0.972901E+000
      0.8600    0.115407E-003   0.136940E-001   0.136940E-001   0.972497E+000
      0.8700    0.118380E-003   0.138950E-001   0.138950E-001   0.972092E+000
      0.8800    0.121388E-003   0.140961E-001   0.140961E-001   0.971686E+000
      0.8900    0.124429E-003   0.142973E-001   0.142973E-001   0.971281E+000
      0.9000    0.127504E-003   0.144985E-001   0.144985E-001   0.970875E+000
      0.9100    0.130612E-003   0.146998E-001   0.146998E-001   0.970470E+000
      0.9200    0.133754E-003   0.149012E-001   0.149012E-001   0.970064E+000
      0.9300    0.136928E-003   0.151026E-001   0.151026E-001   0.969658E+000
      0.9400    0.140136E-003   0.153041E-001   0.153041E-001   0.969252E+000
      0.9500    0.143377E-003   0.155056E-001   0.155056E-001   0.968845E+000
      0.9600    0.146650E-003   0.157071E-001   0.157071E-001   0.968439E+000
      0.9700    0.149956E-003   0.159087E-001   0.159087E-001   0.968033E+000
      0.9800    0.153295E-003   0.161102E-001   0.161102E-001   0.967626E+000
      0.9900    0.156666E-003   0.163118E-001   0.163118E-001   0.967220E+000
      1.0000    0.160069E-003   0.165134E-001   0.165134E-001   0.966813E+000
      1.0100    0.163505E-003   0.167150E-001   0.167150E-001   0.966407E+000
      1.0200    0.166972E-003   0.169166E-001   0.169166E-001   0.966000E+000
      1.0300    0.170472E-003   0.171181E-001   0.171181E-001   0.965593E+000
      1.0400    0.174004E-003   0.173197E-001   0.173197E-001   0.965187E+000
      1.0500    0.177567E-003   0.175212E-001   0.175212E-001   0.964780E+000
      1.0600    0.181163E-003   0.177227E-001   0.177227E-001   0.964373E+000
      1.0700    0.184790E-003   0.179242E-001   0.179242E-001   0.963967E+000
      1.0800    0.188448E-003   0.181256E-001   0.181256E-001   0.963560E+000
      1.0900    0.192138E-003   0.183270E-001   0.183270E-001   0.963154E+000
      1.1000    0.195859E-003   0.185283E-001   0.185283E-001   0.962747E+000
      1.1100    0.199612E-003   0.187296E-001   0.187296E-001   0.962341E+000
      1.1200    0.203396E-003   0.189309E-001   0.189309E-001   0.961935E+000
      1.1300    0.207211E-003   0.191321E-001   0.191321E-001   0.961529E+000
      1.1400    0.211057E-003   0.193333E-001   0.193333E-001   0.961122E+000
      1.1500    0.214934E-003   0.195343E-001   0.195343E-001   0.960716E+000
      1.1600    0.218842E-003   0.197354E-001   0.197354E-001   0.960310E+000
      1.1700    0.222781E-003   0.199363E-001   0.199363E-001   0.959905E+000
      1.1800    0.226750E-003   0.201372E-001   0.201372E-001   0.959499E+000
      1.1900    0.230750E-003   0.203381E-001   0.203381E-001   0.959093E+000
      1.2000    0.234781E-003   0.205388E-001   0.205388E-001   0.958688E+000
      1.2100    0.238842E-003   0.207395E-001   0.207395E-001   0.958282E+000
      1.2200    0.242934E-003   0.209401E-001   0.209401E-001   0.957877E+000
      1.2300    0.247056E-003   0.211406E-001   0.211406E-001   0.957472E+000
      1.2400    0.251209E-003   0.213411E-001   0.213411E-001   0.957067E+000
      1.2500    0.255392E-003   0.215414E-001   0.215414E-001   0.956662E+000
      1.2600    0.259605E-003   0.217417E-001   0.217417E-001   0.956257E+000
      1.2700    0.263848E-003   0.219419E-001   0.219419E-001   0.955852E+000
      1.2800    0.268121E-003   0.221420E-001   0.221420E-001   0.955448E+000
      1.2900    0.272425E-003   0.223420E-001   0.223420E-001   0.955044E+000
      1.3000    0.276758E-003   0.225419E-001   0.225419E-001   0.954639E+000
      1.3100    0.281122E-003   0.227418E-001   0.227418E-001   0.954235E+000
      1.3200    0.285515E-003   0.229415E-001   0.229415E-001   0.953831E+000
      1.3300    0.289938E-003   0.231412E-001   0.231412E-001   0.953428E+000
      1.3400    0.294391E-003   0.233407E-001   0.233407E-001   0.953024E+000
      1.3500    0.298873E-003   0.235402E-001   0.235402E-001   0.952621E+000
      1.3600    0.303385E-003   0.237395E-001   0.237395E-001   0.952218E+000
      1.3700    0.307927E-003   0.239388E-001   0.239388E-001   0.951814E+000
      1.3800    0.312498E-003   0.241380E-001   0.241380E-001   0.951412E+000
      1.3900    0.317099E-003   0.243370E-001   0.243370E-001   0.951009E+000
      1.4000    0.321730E-003   0.245360E-001   0.245360E-001   0.950606E+000
      1.4100    0.326389E-003   0.247348E-001   0.247348E-001   0.950204E+000
      1.4200    0.331079E-003   0.249336E-001   0.249336E-001   0.949802E+000
      1.4300    0.335797E-003   0.251322E-001   0.251322E-001   0.949400E+000
      1.4400    0.340545E-003   0.253308E-001   0.253308E-001   0.948998E+000
      1.4500    0.345322E-003   0.255292E-001   0.255292E-001   0.948596E+000
      1.4600    0.350128E-003   0.257276E-001   0.257276E-001   0.948195E+000
      1.4700    0.354964E-003   0.259258E-001   0.259258E-001   0.947793E+000
      1.4800    0.359828E-003   0.261239E-001   0.261239E-001   0.947392E+000
      1.4900    0.364722E-003   0.263219E-001   0.263219E-001   0.946991E+000
      1.5000    0.369644E-003   0.265198E-001   0.265198E-001   0.946591E+000
      1.5100    0.374596E-003   0.267176E-001   0.267176E-001   0.946190E+000
      1.5200    0.379576E-003   0.269153E-001   0.269153E-001   0.945790E+000
      1.5300    0.384586E-003   0.271129E-001   0.271129E-001   0.945390E+000
      1.5400    0.389624E-003   0.273104E-001   0.273104E-001   0.944990E+000
      1.5500    0.394691E-003   0.275078E-001   0.275078E-001   0.944590E+000
      1.5600    0.399787E-003   0.277050E-001   0.277050E-001   0.944190E+000
      1.5700    0.404912E-003   0.279022E-001   0.279022E-001   0.943791E+000
      1.5800    0.410066E-003   0.280992E-001   0.280992E-001   0.943392E+000
      1.5900    0.415248E-003   0.282961E-001   0.282961E-001   0.942992E+000
      1.6000    0.420458E-003   0.284930E-001   0.284930E-001   0.942594E+000
      1.6100    0.425698E-003   0.286897E-001   0.286897E-001   0.942195E+000
      1.6200    0.430966E-003   0.288863E-001   0.288863E-001   0.941797E+000
      1.6300    0.436262E-003   0.290827E-001   0.290827E-001   0.941398E+000
      1.6400    0.441587E-003   0.292791E-001   0.292791E-001   0.941000E+000
      1.6500    0.446941E-003   0.294754E-001   0.294754E-001   0.940602E+000
      1.6600    0.452322E-003   0.296715E-001   0.296715E-001   0.940205E+000
      1.6700    0.457733E-003   0.298676E-001   0.298676E-001   0.939807E+000
      1.6800    0.463171E-003   0.300635E-001   0.300635E-001   0.939410E+000
      1.6900    0.468638E-003   0.302593E-001   0.302593E-001   0.939013E+000
      1.7000    0.474134E-003   0.304550E-001   0.304550E-001   0.938616E+000
      1.7100    0.479657E-003   0.306506E-001   0.306506E-001   0.938219E+000
      1.7200    0.485209E-003   0.308461E-001   0.308461E-001   0.937823E+000
      1.7300    0.490789E-003   0.310414E-001   0.310414E-001   0.937426E+000
      1.7400    0.496397E-003   0.312367E-001   0.312367E-001   0.937030E+000
      1.7500    0.502033E-003   0.314318E-001   0.314318E-001   0.936634E+000
      1.7600    0.507697E-003   0.316268E-001   0.316268E-001   0.936239E+000
      1.7700    0.513390E-003   0.318217E-001   0.318217E-001   0.935843E+000
      1.7800    0.519110E-003   0.320165E-001   0.320165E-001   0.935448E+000
      1.7900    0.524858E-003   0.322112E-001   0.322112E-001   0.935053E+000
      1.8000    0.530635E-003   0.324058E-001   0.324058E-001   0.934658E+000
      1.8100    0.536439E-003   0.326003E-001   0.326003E-001   0.934263E+000
      1.8200    0.542271E-003   0.327946E-001   0.327946E-001   0.933869E+000
      1.8300    0.548131E-003   0.329888E-001   0.329888E-001   0.933474E+000
      1.8400    0.554019E-003   0.331830E-001   0.331830E-001   0.933080E+000
      1.8500    0.559935E-003   0.333770E-001   0.333770E-001   0.932686E+000
      1.8600    0.565878E-003   0.335709E-001   0.335709E-001   0.932292E+000
      1.8700    0.571849E-003   0.337646E-001   0.337646E-001   0.931899E+000
      1.8800    0.577848E-003   0.339583E-001   0.339583E-001   0.931506E+000
      1.8900    0.583875E-003   0.341519E-001   0.341519E-001   0.931112E+000
      1.9000    0.589929E-003   0.343453E-001   0.343453E-001   0.930719E+000
      1.9100    0.596011E-003   0.345386E-001   0.345386E-001   0.930327E+000
      1.9200    0.602120E-003   0.347319E-001   0.347319E-001   0.929934E+000
      1.9300    0.608257E-003   0.349250E-001   0.349250E-001   0.929542E+000
      1.9400    0.614422E-003   0.351180E-001   0.351180E-001   0.929150E+000
      1.9500    0.620614E-003   0.353108E-001   0.353108E-001   0.928758E+000
      1.9600    0.626833E-003   0.355036E-001   0.355036E-001   0.928366E+000
      1.9700    0.633080E-003   0.356963E-001   0.356963E-001   0.927974E+000
      1.9800    0.639354E-003   0.358888E-001   0.358888E-001   0.927583E+000
      1.9900    0.645656E-003   0.360812E-001   0.360812E-001   0.927192E+000
      2.0000    0.651985E-003   0.362736E-001   0.362736E-001   0.926801E+000
      2.0100    0.658341E-003   0.364658E-001   0.364658E-001   0.926410E+000
      2.0200    0.664725E-003   0.366579E-001   0.366579E-001   0.926020E+000
      2.0300    0.671136E-003   0.368498E-001   0.368498E-001   0.925629E+000
      2.0400    0.677574E-003   0.370417E-001   0.370417E-001   0.925239E+000
      2.0500    0.684039E-003   0.372335E-001   0.372335E-001   0.924849E+000
      2.0600    0.690532E-003   0.374251E-001   0.374251E-001   0.924459E+000
      2.0700    0.697052E-003   0.376166E-001   0.376166E-001   0.924070E+000
      2.0800    0.703598E-003   0.378081E-001   0.378081E-001   0.923680E+000
      2.0900    0.710172E-003   0.379994E-001   0.379994E-001   0.923291E+000
      2.1000    0.716773E-003   0.381906E-001   0.381906E-001   0.922902E+000
      2.1100    0.723401E-003   0.383816E-001   0.383816E-001   0.922513E+000
      2.1200    0.730056E-003   0.385726E-001   0.385726E-001   0.922125E+000
      2.1300    0.736738E-003   0.387635E-001   0.387635E-001   0.921736E+000
      2.1400    0.743447E-003   0.389542E-001   0.389542E-001   0.921348E+000
      2.1500    0.750182E-003   0.391449E-001   0.391449E-001   0.920960E+000
      2.1600    0.756945E-003   0.393354E-001   0.393354E-001   0.920572E+000
      2.1700    0.763734E-003   0.395258E-001   0.395258E-001   0.920185E+000
      2.1800    0.770550E-003   0.397161E-001   0.397161E-001   0.919797E+000
      2.1900    0.777393E-003   0.399063E-001   0.399063E-001   0.919410E+000
      2.2000    0.784263E-003   0.400964E-001   0.400964E-001   0.919023E+000
      2.2100    0.791160E-003   0.402863E-001   0.402863E-001   0.918636E+000
      2.2200    0.798083E-003   0.404762E-001   0.404762E-001   0.918250E+000
      2.2300    0.805033E-003   0.406660E-001   0.406660E-001   0.917863E+000
      2.2400    0.812009E-003   0.408556E-001   0.408556E-001   0.917477E+000
      2.2500    0.819013E-003   0.410451E-001   0.410451E-001   0.917091E+000
      2.2600    0.826042E-003   0.412345E-001   0.412345E-001   0.916705E+000
      2.2700    0.833099E-003   0.414238E-001   0.414238E-001   0.916319E+000
      2.2800    0.840181E-003   0.416130E-001   0.416130E-001   0.915934E+000
      2.2900    0.847291E-003   0.418021E-001   0.418021E-001   0.915549E+000
      2.3000    0.854427E-003   0.419911E-001   0.419911E-001   0.915163E+000
      2.3100    0.861589E-003   0.421799E-001   0.421799E-001   0.914779E+000
      2.3200    0.868778E-003   0.423687E-001   0.423687E-001   0.914394E+000
      2.3300    0.875993E-003   0.425573E-001   0.425573E-001   0.914009E+000
      2.3400    0.883234E-003   0.427458E-001   0.427458E-001   0.913625E+000
      2.3500    0.890502E-003   0.429343E-001   0.429343E-001   0.913241E+000
      2.3600    0.897796E-003   0.431226E-001   0.431226E-001   0.912857E+000
      2.3700    0.905116E-003   0.433108E-001   0.433108E-001   0.912473E+000
      2.3800    0.912463E-003   0.434989E-001   0.434989E-001   0.912090E+000
      2.3900    0.919835E-003   0.436868E-001   0.436868E-001   0.911707E+000
      2.4000    0.927234E-003   0.438747E-001   0.438747E-001   0.911323E+000
      2.4100    0.934660E-003   0.440625E-001   0.440625E-001   0.910940E+000
      2.4200    0.942111E-003   0.442501E-001   0.442501E-001   0.910558E+000
      2.4300    0.949588E-003   0.444376E-001   0.444376E-001   0.910175E+000
      2.4400    0.957092E-003   0.446251E-001   0.446251E-001   0.909793E+000
      2.4500    0.964621E-003   0.448124E-001   0.448124E-001   0.909411E+000
      2.4600    0.972177E-003   0.449996E-001   0.449996E-001   0.909029E+000
      2.4700    0.979758E-003   0.451867E-001   0.451867E-001   0.908647E+000
      2.4800    0.987366E-003   0.453737E-001   0.453737E-001   0.908265E+000
      2.4900    0.994999E-003   0.455606E-001   0.455606E-001   0.907884E+000
      2.5000    0.100266E-002   0.457473E-001   0.457473E-001   0.907503E+000
      2.5100    0.101034E-002   0.459340E-001   0.459340E-001   0.907122E+000
      2.5200    0.101805E-002   0.461205E-001   0.461205E-001   0.906741E+000
      2.5300    0.102579E-002   0.463070E-001   0.463070E-001   0.906360E+000
      2.5400    0.103355E-002   0.464933E-001   0.464933E-001   0.905980E+000
      2.5500    0.104134E-002   0.466795E-001   0.466795E-001   0.905600E+000
      2.5600    0.104916E-002   0.468657E-001   0.468657E-001   0.905220E+000
      2.5700    0.105700E-002   0.470517E-001   0.470517E-001   0.904840E+000
      2.5800    0.106486E-002   0.472376E-001   0.472376E-001   0.904460E+000
      2.5900    0.107275E-002   0.474233E-001   0.474233E-001   0.904081E+000
      2.6000    0.108067E-002   0.476090E-001   0.476090E-001   0.903701E+000
      2.6100    0.108861E-002   0.477946E-001   0.477946E-001   0.903322E+000
      2.6200    0.109658E-002   0.479801E-001   0.479801E-001   0.902943E+000
      2.6300    0.110457E-002   0.481654E-001   0.481654E-001   0.902565E+000
      2.6400    0.111259E-002   0.483507E-001   0.483507E-001   0.902186E+000
      2.6500    0.112064E-002   0.485358E-001   0.485358E-001   0.901808E+000
      2.6600    0.112871E-002   0.487208E-001   0.487208E-001   0.901430E+000
      2.6700    0.113680E-002   0.489057E-001   0.489057E-001   0.901052E+000
      2.6800    0.114492E-002   0.490906E-001   0.490906E-001   0.900674E+000
      2.6900    0.115307E-002   0.492753E-001   0.492753E-001   0.900296E+000
      2.7000    0.116124E-002   0.494599E-001   0.494599E-001   0.899919E+000
      2.7100    0.116944E-002   0.496443E-001   0.496443E-001   0.899542E+000
      2.7200    0.117766E-002   0.498287E-001   0.498287E-001   0.899165E+000
      2.7300    0.118591E-002   0.500130E-001   0.500130E-001   0.898788E+000
      2.7400    0.119418E-002   0.501972E-001   0.501972E-001   0.898411E+000
      2.7500    0.120248E-002   0.503812E-001   0.503812E-001   0.898035E+000
      2.7600    0.121080E-002   0.505652E-001   0.505652E-001   0.897659E+000
      2.7700    0.121915E-002   0.507490E-001   0.507490E-001   0.897283E+000
      2.7800    0.122752E-002   0.509327E-001   0.509327E-001   0.896907E+000
      2.7900    0.123592E-002   0.511164E-001   0.511164E-001   0.896531E+000
      2.8000    0.124434E-002   0.512999E-001   0.512999E-001   0.896156E+000
      2.8100    0.125279E-002   0.514833E-001   0.514833E-001   0.895781E+000
      2.8200    0.126127E-002   0.516666E-001   0.516666E-001   0.895406E+000
      2.8300    0.126977E-002   0.518498E-001   0.518498E-001   0.895031E+000
      2.8400    0.127829E-002   0.520329E-001   0.520329E-001   0.894656E+000
      2.8500    0.128684E-002   0.522159E-001   0.522159E-001   0.894281E+000
      2.8600    0.129541E-002   0.523988E-001   0.523988E-001   0.893907E+000
      2.8700    0.130401E-002   0.525815E-001   0.525815E-001   0.893533E+000
      2.8800    0.131263E-002   0.527642E-001   0.527642E-001   0.893159E+000
      2.8900    0.132128E-002   0.529467E-001   0.529467E-001   0.892785E+000
      2.9000    0.132995E-002   0.531292E-001   0.531292E-001   0.892412E+000
      2.9100    0.133865E-002   0.533115E-001   0.533115E-001   0.892038E+000
      2.9200    0.134737E-002   0.534938E-001   0.534938E-001   0.891665E+000
      2.9300    0.135612E-002   0.536759E-001   0.536759E-001   0.891292E+000
      2.9400    0.136489E-002   0.538579E-001   0.538579E-001   0.890919E+000
      2.9500    0.137369E-002   0.540398E-001   0.540398E-001   0.890547E+000
      2.9600    0.138251E-002   0.542216E-001   0.542216E-001   0.890174E+000
      2.9700    0.139135E-002   0.544033E-001   0.544033E-001   0.889802E+000
      2.9800    0.140022E-002   0.545849E-001   0.545849E-001   0.889430E+000
      2.9900    0.140912E-002   0.547664E-001   0.547664E-001   0.889058E+000
      3.0000    0.141804E-002   0.549478E-001   0.549478E-001   0.888686E+000
      3.0100    0.142698E-002   0.551291E-001   0.551291E-001   0.888315E+000
      3.0200    0.143595E-002   0.553103E-001   0.553103E-001   0.887944E+000
      3.0300    0.144494E-002   0.554913E-001   0.554913E-001   0.887572E+000
      3.0400    0.145396E-002   0.556723E-001   0.556723E-001   0.887201E+000
      3.0500    0.146300E-002   0.558531E-001   0.558531E-001   0.886831E+000
      3.0600    0.147207E-002   0.560339E-001   0.560339E-001   0.886460E+000
      3.0700    0.148116E-002   0.562145E-001   0.562145E-001   0.886090E+000
      3.0800    0.149027E-002   0.563951E-001   0.563951E-001   0.885720E+000
      3.0900    0.149941E-002   0.565755E-001   0.565755E-001   0.885350E+000
      3.1000    0.150857E-002   0.567558E-001   0.567558E-001   0.884980E+000
      3.1100    0.151776E-002   0.569360E-001   0.569360E-001   0.884610E+000
      3.1200    0.152697E-002   0.571162E-001   0.571162E-001   0.884241E+000
      3.1300    0.153621E-002   0.572962E-001   0.572962E-001   0.883871E+000
      3.1400    0.154547E-002   0.574761E-001   0.574761E-001   0.883502E+000
      3.1500    0.155475E-002   0.576559E-001   0.576559E-001   0.883133E+000
      3.1600    0.156406E-002   0.578356E-001   0.578356E-001   0.882765E+000
      3.1700    0.157339E-002   0.580152E-001   0.580152E-001   0.882396E+000
      3.1800    0.158275E-002   0.581946E-001   0.581946E-001   0.882028E+000
      3.1900    0.159213E-002   0.583740E-001   0.583740E-001   0.881660E+000
      3.2000    0.160153E-002   0.585533E-001   0.585533E-001   0.881292E+000
      3.2100    0.161096E-002   0.587325E-001   0.587325E-001   0.880924E+000
      3.2200    0.162041E-002   0.589115E-001   0.589115E-001   0.880557E+000
      3.2300    0.162989E-002   0.590905E-001   0.590905E-001   0.880189E+000
      3.2400    0.163939E-002   0.592693E-001   0.592693E-001   0.879822E+000
      3.2500    0.164891E-002   0.594481E-001   0.594481E-001   0.879455E+000
      3.2600    0.165846E-002   0.596267E-001   0.596267E-001   0.879088E+000
      3.2700    0.166803E-002   0.598053E-001   0.598053E-001   0.878721E+000
      3.2800    0.167762E-002   0.599837E-001   0.599837E-001   0.878355E+000
      3.2900    0.168724E-002   0.601620E-001   0.601620E-001   0.877989E+000
      3.3000    0.169688E-002   0.603403E-001   0.603403E-001   0.877623E+000
      3.3100    0.170655E-002   0.605184E-001   0.605184E-001   0.877257E+000
      3.3200    0.171624E-002   0.606964E-001   0.606964E-001   0.876891E+000
      3.3300    0.172595E-002   0.608743E-001   0.608743E-001   0.876525E+000
      3.3400    0.173569E-002   0.610521E-001   0.610521E-001   0.876160E+000
      3.3500    0.174545E-002   0.612298E-001   0.612298E-001   0.875795E+000
      3.3600    0.175524E-002   0.614075E-001   0.614075E-001   0.875430E+000
      3.3700    0.176504E-002   0.615850E-001   0.615850E-001   0.875065E+000
      3.3800    0.177487E-002   0.617623E-001   0.617623E-001   0.874700E+000
      3.3900    0.178473E-002   0.619396E-001   0.619396E-001   0.874336E+000
      3.4000    0.179461E-002   0.621168E-001   0.621168E-001   0.873972E+000
      3.4100    0.180451E-002   0.622939E-001   0.622939E-001   0.873608E+000
      3.4200    0.181443E-002   0.624709E-001   0.624709E-001   0.873244E+000
      3.4300    0.182438E-002   0.626478E-001   0.626478E-001   0.872880E+000
      3.4400    0.183435E-002   0.628245E-001   0.628245E-001   0.872517E+000
      3.4500    0.184435E-002   0.630012E-001   0.630012E-001   0.872153E+000
      3.4600    0.185437E-002   0.631778E-001   0.631778E-001   0.871790E+000
      3.4700    0.186441E-002   0.633542E-001   0.633542E-001   0.871427E+000
      3.4800    0.187447E-002   0.635306E-001   0.635306E-001   0.871064E+000
      3.4900    0.188456E-002   0.637069E-001   0.637069E-001   0.870702E+000
      3.5000    0.189467E-002   0.638830E-001   0.638830E-001   0.870339E+000
      3.5100    0.190481E-002   0.640591E-001   0.640591E-001   0.869977E+000
      3.5200    0.191497E-002   0.642350E-001   0.642350E-001   0.869615E+000
      3.5300    0.192515E-002   0.644109E-001   0.644109E-001   0.869253E+000
      3.5400    0.193535E-002   0.645866E-001   0.645866E-001   0.868891E+000
      3.5500    0.194558E-002   0.647622E-001   0.647622E-001   0.868530E+000
      3.5600    0.195583E-002   0.649378E-001   0.649378E-001   0.868169E+000
      3.5700    0.196610E-002   0.651132E-001   0.651132E-001   0.867807E+000
      3.5800    0.197640E-002   0.652885E-001   0.652885E-001   0.867447E+000
      3.5900    0.198672E-002   0.654638E-001   0.654638E-001   0.867086E+000
      3.6000    0.199706E-002   0.656389E-001   0.656389E-001   0.866725E+000
      3.6100    0.200742E-002   0.658139E-001   0.658139E-001   0.866365E+000
      3.6200    0.201781E-002   0.659888E-001   0.659888E-001   0.866004E+000
      3.6300    0.202822E-002   0.661637E-001   0.661637E-001   0.865644E+000
      3.6400    0.203865E-002   0.663384E-001   0.663384E-001   0.865285E+000
      3.6500    0.204911E-002   0.665130E-001   0.665130E-001   0.864925E+000
      3.6600    0.205959E-002   0.666875E-001   0.666875E-001   0.864565E+000
      3.6700    0.207009E-002   0.668619E-001   0.668619E-001   0.864206E+000
      3.6800    0.208062E-002   0.670362E-001   0.670362E-001   0.863847E+000
      3.6900    0.209116E-002   0.672104E-001   0.672104E-001   0.863488E+000
      3.7000    0.210173E-002   0.673845E-001   0.673845E-001   0.863129E+000
      3.7100    0.211233E-002   0.675585E-001   0.675585E-001   0.862771E+000
      3.7200    0.212294E-002   0.677324E-001   0.677324E-001   0.862412E+000
      3.7300    0.213358E-002   0.679062E-001   0.679062E-001   0.862054E+000
      3.7400    0.214424E-002   0.680799E-001   0.680799E-001   0.861696E+000
      3.7500    0.215492E-002   0.682535E-001   0.682535E-001   0.861338E+000
      3.7600    0.216563E-002   0.684270E-001   0.684270E-001   0.860980E+000
      3.7700    0.217636E-002   0.686004E-001   0.686004E-001   0.860623E+000
      3.7800    0.218711E-002   0.687737E-001   0.687737E-001   0.860265E+000
      3.7900    0.219788E-002   0.689469E-001   0.689469E-001   0.859908E+000
      3.8000    0.220867E-002   0.691200E-001   0.691200E-001   0.859551E+000
      3.8100    0.221949E-002   0.692930E-001   0.692930E-001   0.859195E+000
      3.8200    0.223033E-002   0.694659E-001   0.694659E-001   0.858838E+000
      3.8300    0.224119E-002   0.696387E-001   0.696387E-001   0.858481E+000
      3.8400    0.225208E-002   0.698113E-001   0.698113E-001   0.858125E+000
      3.8500    0.226299E-002   0.699839E-001   0.699839E-001   0.857769E+000
      3.8600    0.227392E-002   0.701564E-001   0.701564E-001   0.857413E+000
      3.8700    0.228487E-002   0.703288E-001   0.703288E-001   0.857058E+000
      3.8800    0.229584E-002   0.705011E-001   0.705011E-001   0.856702E+000
      3.8900    0.230684E-002   0.706733E-001   0.706733E-001   0.856347E+000
      3.9000    0.231785E-002   0.708453E-001   0.708453E-001   0.855991E+000
      3.9100    0.232890E-002   0.710173E-001   0.710173E-001   0.855636E+000
      3.9200    0.233996E-002   0.711892E-001   0.711892E-001   0.855282E+000
      3.9300    0.235104E-002   0.713610E-001   0.713610E-001   0.854927E+000
      3.9400    0.236215E-002   0.715326E-001   0.715326E-001   0.854573E+000
      3.9500    0.237328E-002   0.717042E-001   0.717042E-001   0.854218E+000
      3.9600    0.238443E-002   0.718757E-001   0.718757E-001   0.853864E+000
      3.9700    0.239560E-002   0.720471E-001   0.720471E-001   0.853510E+000
      3.9800    0.240680E-002   0.722183E-001   0.722183E-001   0.853157E+000
      3.9900    0.241801E-002   0.723895E-001   0.723895E-001   0.852803E+000
      4.0000    0.242925E-002   0.725606E-001   0.725606E-001   0.852450E+000
      4.0100    0.244051E-002   0.727316E-001   0.727316E-001   0.852096E+000
      4.0200    0.245179E-002   0.729024E-001   0.729024E-001   0.851743E+000
      4.0300    0.246310E-002   0.730732E-001   0.730732E-001   0.851390E+000
      4.0400    0.247442E-002   0.732439E-001   0.732439E-001   0.851038E+000
      4.0500    0.248577E-002   0.734145E-001   0.734145E-001   0.850685E+000
      4.0600    0.249714E-002   0.735849E-001   0.735849E-001   0.850333E+000
      4.0700    0.250853E-002   0.737553E-001   0.737553E-001   0.849981E+000
      4.0800    0.251994E-002   0.739256E-001   0.739256E-001   0.849629E+000
      4.0900    0.253138E-002   0.740958E-001   0.740958E-001   0.849277E+000
      4.1000    0.254283E-002   0.742659E-001   0.742659E-001   0.848925E+000
      4.1100    0.255431E-002   0.744358E-001   0.744358E-001   0.848574E+000
      4.1200    0.256581E-002   0.746057E-001   0.746057E-001   0.848223E+000
      4.1300    0.257733E-002   0.747755E-001   0.747755E-001   0.847872E+000
      4.1400    0.258888E-002   0.749452E-001   0.749452E-001   0.847521E+000
      4.1500    0.260044E-002   0.751148E-001   0.751148E-001   0.847170E+000
      4.1600    0.261203E-002   0.752842E-001   0.752842E-001   0.846820E+000
      4.1700    0.262363E-002   0.754536E-001   0.754536E-001   0.846469E+000
      4.1800    0.263526E-002   0.756229E-001   0.756229E-001   0.846119E+000
      4.1900    0.264691E-002   0.757921E-001   0.757921E-001   0.845769E+000
      4.2000    0.265858E-002   0.759612E-001   0.759612E-001   0.845419E+000
      4.2100    0.267028E-002   0.761302E-001   0.761302E-001   0.845069E+000
      4.2200    0.268199E-002   0.762990E-001   0.762990E-001   0.844720E+000
      4.2300    0.269373E-002   0.764678E-001   0.764678E-001   0.844371E+000
      4.2400    0.270548E-002   0.766365E-001   0.766365E-001   0.844021E+000
      4.2500    0.271726E-002   0.768051E-001   0.768051E-001   0.843673E+000
      4.2600    0.272906E-002   0.769736E-001   0.769736E-001   0.843324E+000
      4.2700    0.274088E-002   0.771420E-001   0.771420E-001   0.842975E+000
      4.2800    0.275273E-002   0.773103E-001   0.773103E-001   0.842627E+000
      4.2900    0.276459E-002   0.774785E-001   0.774785E-001   0.842278E+000
      4.3000    0.277647E-002   0.776466E-001   0.776466E-001   0.841930E+000
      4.3100    0.278838E-002   0.778146E-001   0.778146E-001   0.841582E+000
      4.3200    0.280031E-002   0.779825E-001   0.779825E-001   0.841235E+000
      4.3300    0.281225E-002   0.781503E-001   0.781503E-001   0.840887E+000
      4.3400    0.282422E-002   0.783180E-001   0.783180E-001   0.840540E+000
      4.3500    0.283621E-002   0.784856E-001   0.784856E-001   0.840193E+000
      4.3600    0.284822E-002   0.786531E-001   0.786531E-001   0.839846E+000
      4.3700    0.286026E-002   0.788205E-001   0.788205E-001   0.839499E+000
      4.3800    0.287231E-002   0.789878E-001   0.789878E-001   0.839152E+000
      4.3900    0.288438E-002   0.791551E-001   0.791551E-001   0.838805E+000
      4.4000    0.289648E-002   0.793222E-001   0.793222E-001   0.838459E+000
      4.4100    0.290859E-002   0.794892E-001   0.794892E-001   0.838113E+000
      4.4200    0.292073E-002   0.796561E-001   0.796561E-001   0.837767E+000
      4.4300    0.293289E-002   0.798229E-001   0.798229E-001   0.837421E+000
      4.4400    0.294507E-002   0.799897E-001   0.799897E-001   0.837076E+000
      4.4500    0.295727E-002   0.801563E-001   0.801563E-001   0.836730E+000
      4.4600    0.296949E-002   0.803228E-001   0.803228E-001   0.836385E+000
      4.4700    0.298173E-002   0.804893E-001   0.804893E-001   0.836040E+000
      4.4800    0.299399E-002   0.806556E-001   0.806556E-001   0.835695E+000
      4.4900    0.300627E-002   0.808218E-001   0.808218E-001   0.835350E+000
      4.5000    0.301857E-002   0.809880E-001   0.809880E-001   0.835005E+000
      4.5100    0.303090E-002   0.811540E-001   0.811540E-001   0.834661E+000
      4.5200    0.304324E-002   0.813200E-001   0.813200E-001   0.834317E+000
      4.5300    0.305561E-002   0.814858E-001   0.814858E-001   0.833973E+000
      4.5400    0.306799E-002   0.816516E-001   0.816516E-001   0.833629E+000
      4.5500    0.308040E-002   0.818173E-001   0.818173E-001   0.833285E+000
      4.5600    0.309283E-002   0.819828E-001   0.819828E-001   0.832942E+000
      4.5700    0.310527E-002   0.821483E-001   0.821483E-001   0.832598E+000
      4.5800    0.311774E-002   0.823136E-001   0.823136E-001   0.832255E+000
      4.5900    0.313023E-002   0.824789E-001   0.824789E-001   0.831912E+000
      4.6000    0.314274E-002   0.826441E-001   0.826441E-001   0.831569E+000
      4.6100    0.315527E-002   0.828092E-001   0.828092E-001   0.831226E+000
      4.6200    0.316782E-002   0.829741E-001   0.829741E-001   0.830884E+000
      4.6300    0.318038E-002   0.831390E-001   0.831390E-001   0.830542E+000
      4.6400    0.319298E-002   0.833038E-001   0.833038E-001   0.830199E+000
      4.6500    0.320559E-002   0.834685E-001   0.834685E-001   0.829857E+000
      4.6600    0.321822E-002   0.836331E-001   0.836331E-001   0.829516E+000
      4.6700    0.323087E-002   0.837976E-001   0.837976E-001   0.829174E+000
      4.6800    0.324354E-002   0.839620E-001   0.839620E-001   0.828832E+000
      4.6900    0.325623E-002   0.841263E-001   0.841263E-001   0.828491E+000
      4.7000    0.326894E-002   0.842905E-001   0.842905E-001   0.828150E+000
      4.7100    0.328167E-002   0.844546E-001   0.844546E-001   0.827809E+000
      4.7200    0.329443E-002   0.846187E-001   0.846187E-001   0.827468E+000
      4.7300    0.330720E-002   0.847826E-001   0.847826E-001   0.827128E+000
      4.7400    0.331999E-002   0.849464E-001   0.849464E-001   0.826787E+000
      4.7500    0.333280E-002   0.851101E-001   0.851101E-001   0.826447E+000
      4.7600    0.334564E-002   0.852738E-001   0.852738E-001   0.826107E+000
      4.7700    0.335849E-002   0.854373E-001   0.854373E-001   0.825767E+000
      4.7800    0.337136E-002   0.856007E-001   0.856007E-001   0.825427E+000
      4.7900    0.338425E-002   0.857641E-001   0.857641E-001   0.825088E+000
      4.8000    0.339717E-002   0.859273E-001   0.859273E-001   0.824748E+000
      4.8100    0.341010E-002   0.860905E-001   0.860905E-001   0.824409E+000
      4.8200    0.342305E-002   0.862536E-001   0.862536E-001   0.824070E+000
      4.8300    0.343602E-002   0.864165E-001   0.864165E-001   0.823731E+000
      4.8400    0.344902E-002   0.865794E-001   0.865794E-001   0.823392E+000
      4.8500    0.346203E-002   0.867422E-001   0.867422E-001   0.823054E+000
      4.8600    0.347506E-002   0.869049E-001   0.869049E-001   0.822715E+000
      4.8700    0.348811E-002   0.870674E-001   0.870674E-001   0.822377E+000
      4.8800    0.350118E-002   0.872299E-001   0.872299E-001   0.822039E+000
      4.8900    0.351428E-002   0.873923E-001   0.873923E-001   0.821701E+000
      4.9000    0.352739E-002   0.875546E-001   0.875546E-001   0.821363E+000
      4.9100    0.354052E-002   0.877168E-001   0.877168E-001   0.821026E+000
      4.9200    0.355367E-002   0.878789E-001   0.878789E-001   0.820688E+000
      4.9300    0.356684E-002   0.880410E-001   0.880410E-001   0.820351E+000
      4.9400    0.358003E-002   0.882029E-001   0.882029E-001   0.820014E+000
      4.9500    0.359324E-002   0.883647E-001   0.883647E-001   0.819677E+000
      4.9600    0.360647E-002   0.885264E-001   0.885264E-001   0.819341E+000
      4.9700    0.361972E-002   0.886881E-001   0.886881E-001   0.819004E+000
      4.9800    0.363298E-002   0.888496E-001   0.888496E-001   0.818668E+000
      4.9900    0.364627E-002   0.890111E-001   0.890111E-001   0.818332E+000
      5.0000    0.365958E-002   0.891724E-001   0.891724E-001   0.817996E+000
      5.0100    0.367291E-002   0.893337E-001   0.893337E-001   0.817660E+000
      5.0200    0.368625E-002   0.894948E-001   0.894948E-001   0.817324E+000
      5.0300    0.369962E-002   0.896559E-001   0.896559E-001   0.816989E+000
      5.0400    0.371300E-002   0.898169E-001   0.898169E-001   0.816653E+000
      5.0500    0.372641E-002   0.899778E-001   0.899778E-001   0.816318E+000
      5.0600    0.373983E-002   0.901386E-001   0.901386E-001   0.815983E+000
      5.0700    0.375327E-002   0.902992E-001   0.902992E-001   0.815648E+000
      5.0800    0.376674E-002   0.904598E-001   0.904598E-001   0.815314E+000
      5.0900    0.378022E-002   0.906203E-001   0.906203E-001   0.814979E+000
      5.1000    0.379372E-002   0.907808E-001   0.907808E-001   0.814645E+000
